   rlr_errors: [1.0221921  0.53971704 0.83154245 0.62306951 1.10236926 0.73644876
 0.64171121 0.72872611 0.82133664 0.70307056]

    ANN_errors: [1.24007571 0.97735786 1.23433816 0.79654324 1.53427207 0.76600218
 1.05166531 0.75329912 0.99103141 0.72111511]

    baseline_errors: [1.24023319 0.97705685 1.23293284 0.79435212 1.53349243 0.76623976
 1.05087803 0.75417125 0.99249492 0.72045817]

    optimal_lambdas: [15. 18. 21. 15. 19. 13. 17.  6. 12.  6.]

    optimal_h: [7. 8. 8. 8. 2. 1. 1. 3. 4. 7.]

----- Statistical Performance Comparison -------

    p_vals:
[[0.         0.00016711 0.00015952]
 [0.00016711 0.         0.07783678]
 [0.00015952 0.07783678 0.        ]]

    confidence_intervals:
[[None (-0.343, -0.159) (-0.337, -0.157)]
 [(0.159, 0.343) None (-0.001, 0.009)]
 [(0.157, 0.337) (-0.009, 0.001) None]]

    theta_hat:
[[ 0.      -0.25092 -0.24689]
 [ 0.25092  0.       0.00403]
 [ 0.24689 -0.00403  0.     ]]